1647772251629 23.941072082519533 10
1647772252678 19.466056632995606 20
1647772253726 14.216127967834472 30
1647772254769 13.42122287750244 40
1647772255823 13.216672039031982 50
1647772256872 12.610173892974853 60
1647772257921 12.10721960067749 70
1647772258969 11.211685752868652 80
1647772260025 10.404523563385009 90
1647772261082 9.52369956970215 100
1647772262145 8.995581912994385 110
1647772263194 8.702263069152831 120
1647772264245 8.307845306396484 130
1647772265296 7.8723368644714355 140
1647772266353 7.658355045318603 150
1647772267573 7.717678642272949 160
1647772268735 7.667014169692993 170
1647772269892 7.589567232131958 180
1647772270972 7.665176200866699 190
1647772272046 7.840925455093384 200
1647772273163 7.766418409347534 210
1647772274215 7.65873155593872 220
1647772275273 7.708382081985474 230
1647772276329 8.572830390930175 240
1647772277389 8.02952470779419 250
1647772278440 8.062357234954835 260
1647772279498 7.6788310527801515 270
1647772280553 7.53085298538208 280
1647772281609 8.208812522888184 290
1647772282659 7.567840194702148 300
1647772283710 7.560833978652954 310
1647772284760 7.468285417556762 320
1647772285818 7.820620822906494 330
1647772286865 7.77437744140625 340
1647772287913 8.52721610069275 350
1647772288953 8.1953528881073 360
1647772289999 8.097096347808838 370
1647772291050 7.844235229492187 380
1647772292101 7.830603122711182 390
1647772293149 7.271285152435302 400
1647772294202 7.846828937530518 410
1647772295250 8.86215682029724 420
1647772296298 8.65022783279419 430
1647772297348 8.438257741928101 440
1647772298394 7.626330137252808 450
1647772299440 8.390521717071532 460
1647772300487 7.959870290756226 470
1647772301534 8.001989364624023 480
1647772302581 7.7979536056518555 490
1647772303628 7.518586730957031 500
1647772304677 7.792789602279663 510
1647772305721 7.3319220542907715 520
1647772306771 7.529744386672974 530
1647772307816 7.537395858764649 540
1647772308866 7.6760491847991945 550
1647772309920 8.419691467285157 560
1647772310969 8.076037645339966 570
1647772312017 7.562403535842895 580
1647772313082 7.3567742824554445 590
1647772314342 7.681354331970215 600
1647772315637 7.135339307785034 610
1647772418010 7.378631973266602 621
1647772419047 7.511926603317261 631
1647772420079 7.819169902801514 641
1647772421119 6.985484170913696 651
1647772422158 7.252527713775635 661
1647772423197 6.894653940200806 671
1647772424242 6.95745062828064 681
1647772425279 7.225586986541748 691
1647772426320 7.280856657028198 701
1647772427357 7.022993469238282 711
1647772428402 7.027515125274658 721
1647772429442 7.026232051849365 731
1647772430482 7.002692365646363 741
1647772431524 6.867325162887573 751
1647772432563 6.680561923980713 761
1647772433603 6.901928281784057 771
1647772434650 7.059860515594482 781
1647772435686 6.710848236083985 791
1647772436743 7.05471978187561 801
1647772437797 7.224240398406982 811
1647772438840 6.593404865264892 821
1647772439891 6.6142720699310305 831
1647772440931 6.652231645584107 841
1647772441985 6.70006537437439 851
1647772443028 6.719211435317993 861
1647772444068 6.68395733833313 871
1647772445108 6.8202403545379635 881
1647772446156 6.631170797348022 891
1647772447206 6.883297300338745 901
1647772448246 6.437851047515869 911
1647772449288 6.525654745101929 921
1647772450330 6.723775243759155 931
1647772451369 6.5189738273620605 941
1647772452416 6.778653192520141 951
1647772453461 6.500419569015503 961
1647772454504 6.4754579067230225 971
1647772455555 6.8816819190979 981
1647772456596 6.417819690704346 991
1647772457643 6.694235467910767 1001
1647772458687 6.360941743850708 1011
1647772459729 6.794169282913208 1021
1647772460779 6.83086256980896 1031
1647772461820 6.417197895050049 1041
1647772462867 7.02787938117981 1051
1647772463907 6.706796073913575 1061
1647772464952 6.699600648880005 1071
1647772466003 6.515790891647339 1081
1647772467040 6.574801588058472 1091
1647772468090 6.445862483978272 1101
1647772469127 6.48878026008606 1111
1647772470172 6.684594440460205 1121
1647772471215 6.511259269714356 1131
1647772472262 6.7105005264282225 1141
1647772473311 6.48073935508728 1151
1647772474358 6.453577375411987 1161
1647772475397 6.388993835449218 1171
1647772476438 6.465073347091675 1181
1647772477479 6.076895332336425 1191
1647772478529 6.098085832595825 1201
1647772479577 6.337368154525757 1211
1647772480605 6.253168630599975 1221
