1647772251629 20.631774711608887 10
1647772252678 16.126953887939454 20
1647772253726 11.000174236297607 30
1647772254769 10.289541625976563 40
1647772255823 10.072790336608886 50
1647772256872 9.622091007232665 60
1647772257921 9.164901828765869 70
1647772258969 8.25221266746521 80
1647772260025 7.275578403472901 90
1647772261082 6.824608945846558 100
1647772262145 5.923891210556031 110
1647772263194 5.797472620010376 120
1647772264245 5.47477355003357 130
1647772265296 5.081574773788452 140
1647772266353 4.872026014328003 150
1647772267573 4.8996421813964846 160
1647772268735 4.906852865219117 170
1647772269892 4.7633957862854 180
1647772270972 4.979903888702393 190
1647772272046 5.007543277740479 200
1647772273163 5.033252620697022 210
1647772274215 4.94000210762024 220
1647772275273 4.939289903640747 230
1647772276329 5.68633623123169 240
1647772277389 5.1656464576721195 250
1647772278440 5.291561031341553 260
1647772279498 4.902219963073731 270
1647772280553 4.797333192825318 280
1647772281609 5.263143110275268 290
1647772282659 4.918038558959961 300
1647772283710 4.983939743041992 310
1647772284760 4.799969673156738 320
1647772285818 5.009498071670532 330
1647772286865 5.040662479400635 340
1647772287913 5.802623701095581 350
1647772288953 5.456971597671509 360
1647772289999 5.271477794647216 370
1647772291050 5.126500654220581 380
1647772292101 5.157820320129394 390
1647772293149 4.841949939727783 400
1647772294202 5.002495861053466 410
1647772295250 6.225312948226929 420
1647772296298 6.141829252243042 430
1647772297348 5.610803127288818 440
1647772298394 5.000926065444946 450
1647772299440 5.6744420528411865 460
1647772300487 5.380276250839233 470
1647772301534 5.535176038742065 480
1647772302581 5.1305676937103275 490
1647772303628 4.9232028245925905 500
1647772304677 5.105820226669311 510
1647772305721 4.90333662033081 520
1647772306771 5.014135837554932 530
1647772307816 5.051830148696899 540
1647772308866 5.319110012054443 550
1647772309920 5.813043832778931 560
1647772310969 5.483786249160767 570
1647772312017 5.02925672531128 580
1647772313082 4.8138385772705075 590
1647772314342 5.222820901870728 600
1647772315637 4.922198963165283 610
1647772418010 5.028743886947632 621
1647772419047 5.237228488922119 631
1647772420079 5.39388108253479 641
1647772421119 4.750408697128296 651
1647772422158 4.935657930374146 661
1647772423197 4.589125299453736 671
1647772424242 4.747442150115967 681
1647772425279 4.695839500427246 691
1647772426320 4.975961637496948 701
1647772427357 4.805083513259888 711
1647772428402 4.724129581451416 721
1647772429442 4.667157173156738 731
1647772430482 4.627335882186889 741
1647772431524 4.653260803222656 751
1647772432563 4.582669925689697 761
1647772433603 4.508101081848144 771
1647772434650 4.6291851043701175 781
1647772435686 4.469983386993408 791
1647772436743 4.781729507446289 801
1647772437797 4.815694761276245 811
1647772438840 4.572324228286743 821
1647772439891 4.576030349731445 831
1647772440931 4.507645177841186 841
1647772441985 4.565060043334961 851
1647772443028 4.54182801246643 861
1647772444068 4.6024556159973145 871
1647772445108 4.532905006408692 881
1647772446156 4.528386735916138 891
1647772447206 4.504732847213745 901
1647772448246 4.4733621835708615 911
1647772449288 4.403253602981567 921
1647772450330 4.510961651802063 931
1647772451369 4.456223869323731 941
1647772452416 4.706574654579162 951
1647772453461 4.492250585556031 961
1647772454504 4.419786405563355 971
1647772455555 4.7019952774047855 981
1647772456596 4.481883478164673 991
1647772457643 4.537362027168274 1001
1647772458687 4.472298049926758 1011
1647772459729 4.651873350143433 1021
1647772460779 4.654554986953736 1031
1647772461820 4.459598588943481 1041
1647772462867 4.750698661804199 1051
1647772463907 4.664318180084228 1061
1647772464952 4.636960506439209 1071
1647772466003 4.457208728790283 1081
1647772467040 4.536664009094238 1091
1647772468090 4.496068906784058 1101
1647772469127 4.414862537384034 1111
1647772470172 4.5250650405883786 1121
1647772471215 4.4207802534103395 1131
1647772472262 4.576504755020141 1141
1647772473311 4.43768720626831 1151
1647772474358 4.405394530296325 1161
1647772475397 4.428235149383545 1171
1647772476438 4.386173295974731 1181
1647772477479 4.226184391975403 1191
1647772478529 4.306262183189392 1201
1647772479577 4.218703079223633 1211
1647772480605 4.3015639066696165 1221
