1647772251629 3.3092974185943604 10
1647772252678 3.339102840423584 20
1647772253726 3.2159536361694334 30
1647772254769 3.1316814661026 40
1647772255823 3.1438817739486695 50
1647772256872 2.9880828142166136 60
1647772257921 2.9423176527023314 70
1647772258969 2.959473133087158 80
1647772260025 3.128945255279541 90
1647772261082 2.6990906953811646 100
1647772262145 3.071690535545349 110
1647772263194 2.9047903776168824 120
1647772264245 2.8330718517303466 130
1647772265296 2.7907620906829833 140
1647772266353 2.786328983306885 150
1647772267573 2.8180363178253174 160
1647772268735 2.760161256790161 170
1647772269892 2.8261715173721313 180
1647772270972 2.6852722644805906 190
1647772272046 2.8333822011947634 200
1647772273163 2.733165717124939 210
1647772274215 2.71872935295105 220
1647772275273 2.7690921306610106 230
1647772276329 2.8864940881729124 240
1647772277389 2.8638782262802125 250
1647772278440 2.7707961082458494 260
1647772279498 2.7766111850738526 270
1647772280553 2.7335198402404783 280
1647772281609 2.9456695079803468 290
1647772282659 2.6498016595840452 300
1647772283710 2.57689425945282 310
1647772284760 2.66831579208374 320
1647772285818 2.811122703552246 330
1647772286865 2.733714985847473 340
1647772287913 2.724592423439026 350
1647772288953 2.738381290435791 360
1647772289999 2.8256186723709105 370
1647772291050 2.717734670639038 380
1647772292101 2.6727828979492188 390
1647772293149 2.429335129261017 400
1647772294202 2.844333052635193 410
1647772295250 2.6368439197540283 420
1647772296298 2.5083984613418577 430
1647772297348 2.827454662322998 440
1647772298394 2.6254040956497193 450
1647772299440 2.716079664230347 460
1647772300487 2.5795941591262816 470
1647772301534 2.4668135166168215 480
1647772302581 2.6673858642578123 490
1647772303628 2.5953839659690856 500
1647772304677 2.6869693756103517 510
1647772305721 2.4285855054855348 520
1647772306771 2.515608525276184 530
1647772307816 2.4855656385421754 540
1647772308866 2.356939101219177 550
1647772309920 2.6066475391387938 560
1647772310969 2.5922513723373415 570
1647772312017 2.533146834373474 580
1647772313082 2.542935609817505 590
1647772314342 2.4585334062576294 600
1647772315637 2.213140296936035 610
1647772418010 2.3498881697654723 621
1647772419047 2.2746981143951417 631
1647772420079 2.425288808345795 641
1647772421119 2.235075557231903 651
1647772422158 2.3168697595596313 661
1647772423197 2.3055285811424255 671
1647772424242 2.210008478164673 681
1647772425279 2.529747486114502 691
1647772426320 2.304894948005676 701
1647772427357 2.2179098963737487 711
1647772428402 2.3033854842185972 721
1647772429442 2.359074831008911 731
1647772430482 2.3753564953804016 741
1647772431524 2.214064359664917 751
1647772432563 2.0978919744491575 761
1647772433603 2.3938271760940553 771
1647772434650 2.4306753873825073 781
1647772435686 2.2408649206161497 791
1647772436743 2.2729902505874633 801
1647772437797 2.4085456252098085 811
1647772438840 2.0210806250572206 821
1647772439891 2.0382416367530825 831
1647772440931 2.1445865273475646 841
1647772441985 2.135005307197571 851
1647772443028 2.1773834109306334 861
1647772444068 2.0815016865730285 871
1647772445108 2.2873353004455566 881
1647772446156 2.102784037590027 891
1647772447206 2.378564476966858 901
1647772448246 1.9644888520240784 911
1647772449288 2.1224011898040773 921
1647772450330 2.212813472747803 931
1647772451369 2.0627501010894775 941
1647772452416 2.072078585624695 951
1647772453461 2.008169078826904 961
1647772454504 2.0556714653968813 971
1647772455555 2.1796866416931153 981
1647772456596 1.935936176776886 991
1647772457643 2.1568734645843506 1001
1647772458687 1.8886436223983765 1011
1647772459729 2.1422958731651307 1021
1647772460779 2.1763075828552245 1031
1647772461820 1.9575993180274964 1041
1647772462867 2.277180755138397 1051
1647772463907 2.0424779534339903 1061
1647772464952 2.062640130519867 1071
1647772466003 2.0585821509361266 1081
1647772467040 2.0381375432014464 1091
1647772468090 1.9497935771942139 1101
1647772469127 2.0739178538322447 1111
1647772470172 2.159529435634613 1121
1647772471215 2.090479052066803 1131
1647772472262 2.133995759487152 1141
1647772473311 2.043052101135254 1151
1647772474358 2.048182761669159 1161
1647772475397 1.960758674144745 1171
1647772476438 2.0789000630378722 1181
1647772477479 1.8507109522819518 1191
1647772478529 1.791823720932007 1201
1647772479577 2.1186651229858398 1211
1647772480605 1.95160471200943 1221
