1647792912597 23.14484748840332 10
1647792913712 18.312385749816894 20
1647792914821 13.840673065185547 30
1647792915874 13.422674751281738 40
1647792916936 12.842154121398925 50
1647792917998 12.372984981536865 60
1647792919044 11.70620698928833 70
1647792920095 10.864272975921631 80
1647792921142 10.07294054031372 90
1647792922193 8.785182666778564 100
1647792923333 8.852315330505371 110
1647792924454 8.591755914688111 120
1647792925581 8.132428216934205 130
1647792926699 7.640089082717895 140
1647792927812 8.20345048904419 150
1647792928921 7.9023887634277346 160
1647792930032 7.515111446380615 170
1647792931144 7.6211341381072994 180
1647792932252 8.100295734405517 190
1647792933376 8.4972412109375 200
1647792934514 7.718408489227295 210
1647792935633 7.836090755462647 220
1647792936751 7.949800872802735 230
1647792937864 9.173549318313599 240
1647792938978 9.95213966369629 250
1647792940095 8.881885814666749 260
1647792941211 8.240610599517822 270
1647792942332 7.8673180103302 280
1647792943446 7.883114671707153 290
1647792944552 7.591159915924072 300
1647792945663 8.19514889717102 310
1647792946774 9.393599128723144 320
1647792947892 8.970000791549683 330
1647792949003 8.310600996017456 340
1647792950112 9.3391902923584 350
1647792951222 8.704362678527833 360
1647792952352 8.198410797119141 370
1647792953463 8.305159282684325 380
1647792954516 8.083816385269165 390
1647792955613 8.13326382637024 400
1647792956724 7.322875118255615 410
1647792957825 7.652259254455567 420
1647792958876 7.723800468444824 430
1647792959927 8.380782222747802 440
1647792960988 8.172499704360963 450
1647792962039 7.718503856658936 460
1647792963149 7.559554195404052 470
1647792964302 7.248736381530762 480
1647792965432 7.428089046478272 490
1647792966559 7.464170742034912 500
1647792967683 8.204102754592896 510
1647792968816 7.665319538116455 520
1647792969956 7.334784984588623 530
1647792971091 7.515719175338745 540
1647792972229 7.540239858627319 550
1647792973358 7.496852159500122 560
1647792974485 6.9885927677154545 570
1647792975616 7.187245035171509 580
1647792976742 8.298296356201172 590
1647792977855 7.911352109909058 600
1647792978952 7.512802076339722 610
1647793087826 7.495584011077881 621
1647793088875 7.307994222640991 631
1647793089920 7.486969995498657 641
1647793090970 7.316223859786987 651
1647793092021 7.091602849960327 661
1647793093068 6.973238086700439 671
1647793094114 6.951906538009643 681
1647793095157 6.887904977798462 691
1647793096209 7.156148242950439 701
1647793097251 7.097351741790772 711
1647793098300 7.137788581848144 721
1647793099345 6.983676481246948 731
1647793100389 7.420451354980469 741
1647793101439 6.927078580856323 751
1647793102488 7.066743803024292 761
1647793103537 7.020924520492554 771
1647793104646 7.022003126144409 781
1647793105771 6.952352666854859 791
1647793106898 7.082765054702759 801
1647793108017 6.989309692382813 811
1647793109132 6.747003126144409 821
1647793110253 6.945786857604981 831
1647793111366 6.7845593929290775 841
1647793112504 6.643592166900635 851
1647793113623 6.962424182891846 861
1647793114683 6.889968585968018 871
1647793115789 6.651089191436768 881
1647793116845 6.582899379730224 891
1647793117926 6.70981273651123 901
1647793118977 6.598009061813355 911
1647793120025 6.735848522186279 921
1647793121103 6.549241352081299 931
1647793122187 6.6116414070129395 941
1647793123307 6.73839373588562 951
1647793124425 6.75879397392273 961
1647793125519 6.46513261795044 971
1647793126638 6.614349317550659 981
1647793127697 6.829708528518677 991
1647793128760 6.786622953414917 1001
1647793129816 6.583686637878418 1011
1647793130871 6.50194993019104 1021
1647793131929 6.370820665359497 1031
1647793132986 6.5431794166564945 1041
1647793134066 6.375621700286866 1051
1647793135156 6.698272180557251 1061
1647793136205 6.735319995880127 1071
1647793137281 6.748863744735718 1081
1647793138345 6.701800107955933 1091
1647793139393 6.653806352615357 1101
1647793140437 6.357495069503784 1111
1647793141521 6.586343240737915 1121
1647793142606 6.637055349349976 1131
1647793143649 6.8235602378845215 1141
1647793144719 6.483454704284668 1151
1647793145785 6.586541414260864 1161
1647793146832 6.452832889556885 1171
1647793147879 6.330164384841919 1181
1647793148922 6.283824872970581 1191
1647793149975 6.716584920883179 1201
1647793151026 6.07578444480896 1211
1647793152073 6.554132556915283 1221
