1647792912597 3.1373975038528443 10
1647792913712 3.1818216323852537 20
1647792914821 3.1504835367202757 30
1647792915874 3.1110979318618774 40
1647792916936 3.0943638563156126 50
1647792917998 3.019259738922119 60
1647792919044 3.020800256729126 70
1647792920095 3.0564002275466917 80
1647792921142 2.935782241821289 90
1647792922193 2.9193511724472048 100
1647792923333 2.9517179250717165 110
1647792924454 2.9916059970855713 120
1647792925581 2.998575043678284 130
1647792926699 2.7342302799224854 140
1647792927812 2.9216782093048095 150
1647792928921 2.8020978927612306 160
1647792930032 2.8029850006103514 170
1647792931144 2.7881473541259765 180
1647792932252 2.6962752103805543 190
1647792933376 3.122512698173523 200
1647792934514 2.7922789335250853 210
1647792935633 2.8889111518859862 220
1647792936751 2.7623363971710204 230
1647792937864 2.793869686126709 240
1647792938978 2.980355405807495 250
1647792940095 2.932073545455933 260
1647792941211 2.9451173067092897 270
1647792942332 2.788154625892639 280
1647792943446 2.794810390472412 290
1647792944552 2.700472688674927 300
1647792945663 2.7000627517700195 310
1647792946774 3.0642024993896486 320
1647792947892 2.9745492935180664 330
1647792949003 2.821688413619995 340
1647792950112 2.9813265562057496 350
1647792951222 2.8116963386535643 360
1647792952352 2.875139355659485 370
1647792953463 2.8872159719467163 380
1647792954516 2.7812010526657103 390
1647792955613 2.9729878902435303 400
1647792956724 2.583158993721008 410
1647792957825 2.723432183265686 420
1647792958876 2.694206118583679 430
1647792959927 2.8485286235809326 440
1647792960988 2.780779790878296 450
1647792962039 2.798146867752075 460
1647792963149 2.6876654863357543 470
1647792964302 2.5874977350234984 480
1647792965432 2.4779080867767336 490
1647792966559 2.4619446754455567 500
1647792967683 2.8168497562408445 510
1647792968816 2.5418035268783568 520
1647792969956 2.5278865337371825 530
1647792971091 2.586984968185425 540
1647792972229 2.5908331155776976 550
1647792973358 2.5158486127853394 560
1647792974485 2.3712406158447266 570
1647792975616 2.431797957420349 580
1647792976742 2.809551513195038 590
1647792977855 2.5494106292724608 600
1647792978952 2.5288431882858275 610
1647793087826 2.6328554153442383 621
1647793088875 2.483246350288391 631
1647793089920 2.577417254447937 641
1647793090970 2.412416088581085 651
1647793092021 2.4811109066009522 661
1647793093068 2.1890817642211915 671
1647793094114 2.1996516823768615 681
1647793095157 2.281200885772705 691
1647793096209 2.3344069480895997 701
1647793097251 2.4174373149871826 711
1647793098300 2.4262919664382934 721
1647793099345 2.318644344806671 731
1647793100389 2.605760157108307 741
1647793101439 2.239706003665924 751
1647793102488 2.200416350364685 761
1647793103537 2.279612588882446 771
1647793104646 2.298909306526184 781
1647793105771 2.2494860172271727 791
1647793106898 2.3138910055160524 801
1647793108017 2.3012096166610716 811
1647793109132 2.1647156715393066 821
1647793110253 2.316653311252594 831
1647793111366 2.2057939171791077 841
1647793112504 2.1860772013664245 851
1647793113623 2.2758331656455995 861
1647793114683 2.299270975589752 871
1647793115789 2.1131027579307555 881
1647793116845 2.1396395802497863 891
1647793117926 2.2255388379096983 901
1647793118977 2.0284780859947205 911
1647793120025 2.1688121914863587 921
1647793121103 2.0295844435691834 931
1647793122187 2.144780766963959 941
1647793123307 2.095493805408478 951
1647793124425 2.024562406539917 961
1647793125519 1.9067399024963378 971
1647793126638 2.1685821652412414 981
1647793127697 2.16475533246994 991
1647793128760 2.20292181968689 1001
1647793129816 1.9733250737190247 1011
1647793130871 1.9391112923622131 1021
1647793131929 1.952720868587494 1031
1647793132986 2.1222490072250366 1041
1647793134066 2.0979882717132567 1051
1647793135156 2.124508631229401 1061
1647793136205 2.1466171026229857 1071
1647793137281 2.232011091709137 1081
1647793138345 1.9110324263572693 1091
1647793139393 1.9343392848968506 1101
1647793140437 1.843626856803894 1111
1647793141521 2.1545196056365965 1121
1647793142606 2.191692531108856 1131
1647793143649 2.2235431432724 1141
1647793144719 2.1723212957382203 1151
1647793145785 2.032651722431183 1161
1647793146832 2.124759113788605 1171
1647793147879 1.9869380593299866 1181
1647793148922 1.8574975252151489 1191
1647793149975 2.2657578945159913 1201
1647793151026 1.698704218864441 1211
1647793152073 2.0060264229774476 1221
