1647792912597 20.007450103759766 10
1647792913712 15.130563831329345 20
1647792914821 10.690189552307128 30
1647792915874 10.311576843261719 40
1647792916936 9.747790241241455 50
1647792917998 9.353725337982178 60
1647792919044 8.68540678024292 70
1647792920095 7.807872676849366 80
1647792921142 7.137158393859863 90
1647792922193 5.865831470489502 100
1647792923333 5.900597429275512 110
1647792924454 5.600149869918823 120
1647792925581 5.133853149414063 130
1647792926699 4.90585880279541 140
1647792927812 5.281772327423096 150
1647792928921 5.100291013717651 160
1647792930032 4.7121264934539795 170
1647792931144 4.832986688613891 180
1647792932252 5.404020500183106 190
1647792933376 5.374728536605835 200
1647792934514 4.926129531860352 210
1647792935633 4.947179460525513 220
1647792936751 5.187464427947998 230
1647792937864 6.37967963218689 240
1647792938978 6.9717841148376465 250
1647792940095 5.949812173843384 260
1647792941211 5.295493221282959 270
1647792942332 5.079163312911987 280
1647792943446 5.0883043766021725 290
1647792944552 4.89068717956543 300
1647792945663 5.4950860977172855 310
1647792946774 6.32939658164978 320
1647792947892 5.9954514503479 330
1647792949003 5.488912677764892 340
1647792950112 6.357863712310791 350
1647792951222 5.892666387557983 360
1647792952352 5.323271369934082 370
1647792953463 5.417943239212036 380
1647792954516 5.302615404129028 390
1647792955613 5.160276079177857 400
1647792956724 4.739716053009033 410
1647792957825 4.928827095031738 420
1647792958876 5.029594278335571 430
1647792959927 5.53225359916687 440
1647792960988 5.391719913482666 450
1647792962039 4.920356893539429 460
1647792963149 4.871888780593872 470
1647792964302 4.6612386226654055 480
1647792965432 4.950180864334106 490
1647792966559 5.002226114273071 500
1647792967683 5.387252950668335 510
1647792968816 5.123516035079956 520
1647792969956 4.806898546218872 530
1647792971091 4.928734159469604 540
1647792972229 4.949406862258911 550
1647792973358 4.981003522872925 560
1647792974485 4.617352151870728 570
1647792975616 4.755447101593018 580
1647792976742 5.4887449741363525 590
1647792977855 5.361941480636597 600
1647792978952 4.98395881652832 610
1647793087826 4.862728643417358 621
1647793088875 4.824747896194458 631
1647793089920 4.909552717208863 641
1647793090970 4.903807830810547 651
1647793092021 4.6104918956756595 661
1647793093068 4.784156370162964 671
1647793094114 4.752254819869995 681
1647793095157 4.606704044342041 691
1647793096209 4.821741342544556 701
1647793097251 4.679914426803589 711
1647793098300 4.711496639251709 721
1647793099345 4.665032148361206 731
1647793100389 4.814691162109375 741
1647793101439 4.687372541427612 751
1647793102488 4.866327476501465 761
1647793103537 4.741312026977539 771
1647793104646 4.723093795776367 781
1647793105771 4.7028666019439695 791
1647793106898 4.768874168395996 801
1647793108017 4.688100004196167 811
1647793109132 4.5822875022888185 821
1647793110253 4.6291333675384525 831
1647793111366 4.578765559196472 841
1647793112504 4.457514953613281 851
1647793113623 4.686591005325317 861
1647793114683 4.590697574615478 871
1647793115789 4.537986469268799 881
1647793116845 4.443259763717651 891
1647793117926 4.484273862838745 901
1647793118977 4.569531011581421 911
1647793120025 4.567036294937134 921
1647793121103 4.519656825065613 931
1647793122187 4.466860723495484 941
1647793123307 4.642899990081787 951
1647793124425 4.734231615066529 961
1647793125519 4.558392572402954 971
1647793126638 4.445767164230347 981
1647793127697 4.664953184127808 991
1647793128760 4.583701133728027 1001
1647793129816 4.6103616714477536 1011
1647793130871 4.5628386497497555 1021
1647793131929 4.418099784851075 1031
1647793132986 4.4209303855896 1041
1647793134066 4.277633476257324 1051
1647793135156 4.5737635612487795 1061
1647793136205 4.588702869415283 1071
1647793137281 4.516852641105652 1081
1647793138345 4.790767621994019 1091
1647793139393 4.71946702003479 1101
1647793140437 4.513868236541748 1111
1647793141521 4.431823587417602 1121
1647793142606 4.44536280632019 1131
1647793143649 4.600017118453979 1141
1647793144719 4.3111334323883055 1151
1647793145785 4.553889751434326 1161
1647793146832 4.3280736923217775 1171
1647793147879 4.343226385116577 1181
1647793148922 4.42632737159729 1191
1647793149975 4.450826978683471 1201
1647793151026 4.377080321311951 1211
1647793152073 4.5481061935424805 1221
