1647792912597 3.796400000000011e-05 10
1647792913712 7.79240000000001e-05 20
1647792914821 0.0001178840000000001 30
1647792915874 0.00015784399999999987 40
1647792916936 0.00019780399999999988 50
1647792917998 0.0002377640000000001 60
1647792919044 0.0002777240000000001 70
1647792920095 0.0003176840000000001 80
1647792921142 0.00035764399999999984 90
1647792922193 0.00039760399999999986 100
1647792923333 0.0004375639999999998 110
1647792924454 0.00047752400000000006 120
1647792925581 0.000517484 130
1647792926699 0.000557444 140
1647792927812 0.0005974040000000001 150
1647792928921 0.0006373640000000001 160
1647792930032 0.0006773240000000003 170
1647792931144 0.000717284 180
1647792932252 0.000757244 190
1647792933376 0.000797204 200
1647792934514 0.0008371639999999998 210
1647792935633 0.0008771239999999999 220
1647792936751 0.000917084 230
1647792937864 0.000957044 240
1647792938978 0.0009970040000000001 250
1647792940095 0.001036964 260
1647792941211 0.001076924 270
1647792942332 0.0011168840000000003 280
1647792943446 0.001156844 290
1647792944552 0.001196804 300
1647792945663 0.001236764 310
1647792946774 0.001276724 320
1647792947892 0.001316684 330
1647792949003 0.0013566440000000002 340
1647792950112 0.001396604 350
1647792951222 0.001436564 360
1647792952352 0.001476524 370
1647792953463 0.001516484 380
1647792954516 0.001556444 390
1647792955613 0.0015964040000000003 400
1647792956724 0.001636364 410
1647792957825 0.0016763239999999999 420
1647792958876 0.001716284 430
1647792959927 0.001756244 440
1647792960988 0.0017962040000000002 450
1647792962039 0.0018361640000000002 460
1647792963149 0.0018761239999999998 470
1647792964302 0.001916084 480
1647792965432 0.001956044 490
1647792966559 0.001996004 500
1647792967683 0.002 510
1647792968816 0.002 520
1647792969956 0.002 530
1647792971091 0.002 540
1647792972229 0.002 550
1647792973358 0.002 560
1647792974485 0.002 570
1647792975616 0.002 580
1647792976742 0.002 590
1647792977855 0.002 600
1647792978952 0.002 610
1647793084203 0.002 612
1647793087826 0.002 621
1647793088875 0.002 631
1647793089920 0.002 641
1647793090970 0.002 651
1647793092021 0.002 661
1647793093068 0.002 671
1647793094114 0.002 681
1647793095157 0.002 691
1647793096209 0.002 701
1647793097251 0.002 711
1647793098300 0.002 721
1647793099345 0.002 731
1647793100389 0.002 741
1647793101439 0.002 751
1647793102488 0.002 761
1647793103537 0.002 771
1647793104646 0.002 781
1647793105771 0.002 791
1647793106898 0.002 801
1647793108017 0.002 811
1647793109132 0.002 821
1647793110253 0.002 831
1647793111366 0.002 841
1647793112504 0.002 851
1647793113623 0.002 861
1647793114683 0.002 871
1647793115789 0.002 881
1647793116845 0.002 891
1647793117926 0.002 901
1647793118977 0.002 911
1647793120025 0.002 921
1647793121103 0.002 931
1647793122187 0.002 941
1647793123307 0.002 951
1647793124425 0.002 961
1647793125519 0.002 971
1647793126638 0.002 981
1647793127697 0.002 991
1647793128760 0.002 1001
1647793129816 0.002 1011
1647793130871 0.002 1021
1647793131929 0.002 1031
1647793132986 0.002 1041
1647793134066 0.002 1051
1647793135156 0.002 1061
1647793136205 0.002 1071
1647793137281 0.002 1081
1647793138345 0.002 1091
1647793139393 0.002 1101
1647793140437 0.002 1111
1647793141521 0.002 1121
1647793142606 0.002 1131
1647793143649 0.002 1141
1647793144719 0.002 1151
1647793145785 0.002 1161
1647793146832 0.002 1171
1647793147879 0.002 1181
1647793148922 0.002 1191
1647793149975 0.002 1201
1647793151026 0.002 1211
1647793152073 0.002 1221
1647793258767 0.002 1223
