1647792912597 0.9 10
1647792913712 0.9 20
1647792914821 0.9 30
1647792915874 0.9 40
1647792916936 0.9 50
1647792917998 0.9 60
1647792919044 0.9 70
1647792920095 0.9 80
1647792921142 0.9 90
1647792922193 0.9 100
1647792923333 0.9 110
1647792924454 0.9 120
1647792925581 0.9 130
1647792926699 0.9 140
1647792927812 0.9 150
1647792928921 0.9 160
1647792930032 0.9 170
1647792931144 0.9 180
1647792932252 0.9 190
1647792933376 0.9 200
1647792934514 0.9 210
1647792935633 0.9 220
1647792936751 0.9 230
1647792937864 0.9 240
1647792938978 0.9 250
1647792940095 0.9 260
1647792941211 0.9 270
1647792942332 0.9 280
1647792943446 0.9 290
1647792944552 0.9 300
1647792945663 0.9 310
1647792946774 0.9 320
1647792947892 0.9 330
1647792949003 0.9 340
1647792950112 0.9 350
1647792951222 0.9 360
1647792952352 0.9 370
1647792953463 0.9 380
1647792954516 0.9 390
1647792955613 0.9 400
1647792956724 0.9 410
1647792957825 0.9 420
1647792958876 0.9 430
1647792959927 0.9 440
1647792960988 0.9 450
1647792962039 0.9 460
1647792963149 0.9 470
1647792964302 0.9 480
1647792965432 0.9 490
1647792966559 0.9 500
1647792967683 0.9 510
1647792968816 0.9 520
1647792969956 0.9 530
1647792971091 0.9 540
1647792972229 0.9 550
1647792973358 0.9 560
1647792974485 0.9 570
1647792975616 0.9 580
1647792976742 0.9 590
1647792977855 0.9 600
1647792978952 0.9 610
1647793084203 0.9 612
1647793087826 0.9 621
1647793088875 0.9 631
1647793089920 0.9 641
1647793090970 0.9 651
1647793092021 0.9 661
1647793093068 0.9 671
1647793094114 0.9 681
1647793095157 0.9 691
1647793096209 0.9 701
1647793097251 0.9 711
1647793098300 0.9 721
1647793099345 0.9 731
1647793100389 0.9 741
1647793101439 0.9 751
1647793102488 0.9 761
1647793103537 0.9 771
1647793104646 0.9 781
1647793105771 0.9 791
1647793106898 0.9 801
1647793108017 0.9 811
1647793109132 0.9 821
1647793110253 0.9 831
1647793111366 0.9 841
1647793112504 0.9 851
1647793113623 0.9 861
1647793114683 0.9 871
1647793115789 0.9 881
1647793116845 0.9 891
1647793117926 0.9 901
1647793118977 0.9 911
1647793120025 0.9 921
1647793121103 0.9 931
1647793122187 0.9 941
1647793123307 0.9 951
1647793124425 0.9 961
1647793125519 0.9 971
1647793126638 0.9 981
1647793127697 0.9 991
1647793128760 0.9 1001
1647793129816 0.9 1011
1647793130871 0.9 1021
1647793131929 0.9 1031
1647793132986 0.9 1041
1647793134066 0.9 1051
1647793135156 0.9 1061
1647793136205 0.9 1071
1647793137281 0.9 1081
1647793138345 0.9 1091
1647793139393 0.9 1101
1647793140437 0.9 1111
1647793141521 0.9 1121
1647793142606 0.9 1131
1647793143649 0.9 1141
1647793144719 0.9 1151
1647793145785 0.9 1161
1647793146832 0.9 1171
1647793147879 0.9 1181
1647793148922 0.9 1191
1647793149975 0.9 1201
1647793151026 0.9 1211
1647793152073 0.9 1221
1647793258767 0.9 1223
