1647792483994 20.931267738342285 10
1647792485074 17.064370346069335 20
1647792486117 11.087498664855957 30
1647792487158 10.635894680023194 40
1647792488200 10.139025497436524 50
1647792489258 9.63022289276123 60
1647792490299 9.286686992645263 70
1647792491341 8.781974506378173 80
1647792492381 7.8836170673370365 90
1647792493425 6.929750061035156 100
1647792494468 6.5786010265350345 110
1647792495523 6.408133172988892 120
1647792496566 5.671745347976684 130
1647792497608 5.59773211479187 140
1647792498660 5.364915275573731 150
1647792499703 5.27502760887146 160
1647792500756 4.941810989379883 170
1647792501799 4.954155349731446 180
1647792502847 4.783177423477173 190
1647792503935 4.74008617401123 200
1647792505304 4.844791460037231 210
1647792506817 4.838570928573608 220
1647792508020 4.923033237457275 230
1647792509170 4.894530153274536 240
1647792510264 5.028512382507325 250
1647792511449 4.773155879974365 260
1647792512511 5.08564977645874 270
1647792514028 5.4737842082977295 280
1647792515087 5.366685009002685 290
1647792516149 5.249567890167237 300
1647792517214 5.2495180606842045 310
1647792518280 4.8891050815582275 320
1647792519348 5.063569164276123 330
1647792520492 5.055762720108032 340
1647792521590 5.770945310592651 350
1647792522638 5.353589630126953 360
1647792523686 5.196122503280639 370
1647792524857 4.921267032623291 380
1647792526082 4.8589271068572994 390
1647792527145 4.776336765289306 400
1647792528187 5.227175521850586 410
1647792529239 5.117607164382934 420
1647792530299 5.1430669784545895 430
1647792531365 4.817813777923584 440
1647792532431 4.814878654479981 450
1647792533541 4.828986501693725 460
1647792534599 4.952836322784424 470
1647792535689 4.95575475692749 480
1647792536736 4.7738415718078615 490
1647792537790 5.150429105758667 500
1647792538889 5.0443134784698485 510
1647792539992 4.917877101898194 520
1647792541054 5.1016294956207275 530
1647792542134 4.577152442932129 540
1647792543224 4.730418920516968 550
1647792544289 5.019246244430542 560
1647792545333 4.88096866607666 570
1647792546377 4.756480360031128 580
1647792547433 5.0218432426452635 590
1647792548523 4.759193849563599 600
1647792549555 4.681460380554199 610
