1647792483994 3.5907989740371704 10
1647792485074 3.2084844589233397 20
1647792486117 3.194086122512817 30
1647792487158 3.1864344596862795 40
1647792488200 3.0230454206466675 50
1647792489258 3.109859824180603 60
1647792490299 3.0286393404006957 70
1647792491341 3.125378704071045 80
1647792492381 2.9254470348358153 90
1647792493425 3.0027117013931273 100
1647792494468 3.0557567834854127 110
1647792495523 3.10025954246521 120
1647792496566 3.0224839210510255 130
1647792497608 2.9731258392333983 140
1647792498660 2.996417450904846 150
1647792499703 2.9612446069717406 160
1647792500756 2.8755952596664427 170
1647792501799 2.8406922101974486 180
1647792502847 2.919472098350525 190
1647792503935 2.816939282417297 200
1647792505304 2.635398507118225 210
1647792506817 2.746473789215088 220
1647792508020 2.638515591621399 230
1647792509170 2.7344085693359377 240
1647792510264 2.8775312900543213 250
1647792511449 2.7309027433395388 260
1647792512511 2.6957295656204225 270
1647792514028 2.7396471738815307 280
1647792515087 2.6437118530273436 290
1647792516149 2.9630902290344237 300
1647792517214 2.5616769313812258 310
1647792518280 2.682483172416687 320
1647792519348 2.620055818557739 330
1647792520492 2.694321084022522 340
1647792521590 2.557424545288086 350
1647792522638 2.7144309282302856 360
1647792523686 2.7038790464401243 370
1647792524857 2.5221256732940676 380
1647792526082 2.7632562160491942 390
1647792527145 2.5601401805877684 400
1647792528187 2.636608362197876 410
1647792529239 2.6683249473571777 420
1647792530299 2.730710244178772 430
1647792531365 2.6276044726371763 440
1647792532431 2.701088714599609 450
1647792533541 2.411851906776428 460
1647792534599 2.663473677635193 470
1647792535689 2.444740426540375 480
1647792536736 2.3655214071273805 490
1647792537790 2.5514304876327514 500
1647792538889 2.635602068901062 510
1647792539992 2.6355110883712767 520
1647792541054 2.4014405846595763 530
1647792542134 2.3503152251243593 540
1647792543224 2.5093825578689577 550
1647792544289 2.545784044265747 560
1647792545333 2.4909515500068666 570
1647792546377 2.5437372803688048 580
1647792547433 2.566149854660034 590
1647792548523 2.443206286430359 600
1647792549555 2.3679281949996946 610
