1647792483994 24.522067070007324 10
1647792485074 20.27285499572754 20
1647792486117 14.281584739685059 30
1647792487158 13.822329044342041 40
1647792488200 13.162070846557617 50
1647792489258 12.740082740783691 60
1647792490299 12.315326499938966 70
1647792491341 11.90735321044922 80
1647792492381 10.80906400680542 90
1647792493425 9.932461738586426 100
1647792494468 9.634357833862305 110
1647792495523 9.50839262008667 120
1647792496566 8.694229316711425 130
1647792497608 8.570858001708984 140
1647792498660 8.36133270263672 150
1647792499703 8.236272192001342 160
1647792500756 7.817406225204468 170
1647792501799 7.794847631454468 180
1647792502847 7.702649545669556 190
1647792503935 7.55702543258667 200
1647792505304 7.480189990997315 210
1647792506817 7.585044717788696 220
1647792508020 7.561548805236816 230
1647792509170 7.628938627243042 240
1647792510264 7.9060437202453615 250
1647792511449 7.5040586471557615 260
1647792512511 7.781379318237304 270
1647792514028 8.213431310653686 280
1647792515087 8.010396814346313 290
1647792516149 8.21265811920166 300
1647792517214 7.811195039749146 310
1647792518280 7.571588182449341 320
1647792519348 7.683624935150147 330
1647792520492 7.750083780288696 340
1647792521590 8.328369855880737 350
1647792522638 8.068020582199097 360
1647792523686 7.9000016212463375 370
1647792524857 7.443392610549926 380
1647792526082 7.6221832752227785 390
1647792527145 7.336476898193359 400
1647792528187 7.863783931732177 410
1647792529239 7.785932159423828 420
1647792530299 7.873777151107788 430
1647792531365 7.44541826248169 440
1647792532431 7.51596736907959 450
1647792533541 7.2408383846282955 460
1647792534599 7.616309976577758 470
1647792535689 7.400495147705078 480
1647792536736 7.139363050460815 490
1647792537790 7.701859617233277 500
1647792538889 7.6799156665802 510
1647792539992 7.5533881187438965 520
1647792541054 7.5030700206756595 530
1647792542134 6.927467632293701 540
1647792543224 7.239801549911499 550
1647792544289 7.5650303840637205 560
1647792545333 7.371920251846314 570
1647792546377 7.300217628479004 580
1647792547433 7.587993144989014 590
1647792548523 7.202400064468383 600
1647792549555 7.049388599395752 610
