1647792483994 3.796400000000011e-05 10
1647792485074 7.79240000000001e-05 20
1647792486117 0.0001178840000000001 30
1647792487158 0.00015784399999999987 40
1647792488200 0.00019780399999999988 50
1647792489258 0.0002377640000000001 60
1647792490299 0.0002777240000000001 70
1647792491341 0.0003176840000000001 80
1647792492381 0.00035764399999999984 90
1647792493425 0.00039760399999999986 100
1647792494468 0.0004375639999999998 110
1647792495523 0.00047752400000000006 120
1647792496566 0.000517484 130
1647792497608 0.000557444 140
1647792498660 0.0005974040000000001 150
1647792499703 0.0006373640000000001 160
1647792500756 0.0006773240000000003 170
1647792501799 0.000717284 180
1647792502847 0.000757244 190
1647792503935 0.000797204 200
1647792505304 0.0008371639999999998 210
1647792506817 0.0008771239999999999 220
1647792508020 0.000917084 230
1647792509170 0.000957044 240
1647792510264 0.0009970040000000001 250
1647792511449 0.001036964 260
1647792512511 0.001076924 270
1647792514028 0.0011168840000000003 280
1647792515087 0.001156844 290
1647792516149 0.001196804 300
1647792517214 0.001236764 310
1647792518280 0.001276724 320
1647792519348 0.001316684 330
1647792520492 0.0013566440000000002 340
1647792521590 0.001396604 350
1647792522638 0.001436564 360
1647792523686 0.001476524 370
1647792524857 0.001516484 380
1647792526082 0.001556444 390
1647792527145 0.0015964040000000003 400
1647792528187 0.001636364 410
1647792529239 0.0016763239999999999 420
1647792530299 0.001716284 430
1647792531365 0.001756244 440
1647792532431 0.0017962040000000002 450
1647792533541 0.0018361640000000002 460
1647792534599 0.0018761239999999998 470
1647792535689 0.001916084 480
1647792536736 0.001956044 490
1647792537790 0.001996004 500
1647792538889 0.002 510
1647792539992 0.002 520
1647792541054 0.002 530
1647792542134 0.002 540
1647792543224 0.002 550
1647792544289 0.002 560
1647792545333 0.002 570
1647792546377 0.002 580
1647792547433 0.002 590
1647792548523 0.002 600
1647792549555 0.002 610
