1647792483994 0.9 10
1647792485074 0.9 20
1647792486117 0.9 30
1647792487158 0.9 40
1647792488200 0.9 50
1647792489258 0.9 60
1647792490299 0.9 70
1647792491341 0.9 80
1647792492381 0.9 90
1647792493425 0.9 100
1647792494468 0.9 110
1647792495523 0.9 120
1647792496566 0.9 130
1647792497608 0.9 140
1647792498660 0.9 150
1647792499703 0.9 160
1647792500756 0.9 170
1647792501799 0.9 180
1647792502847 0.9 190
1647792503935 0.9 200
1647792505304 0.9 210
1647792506817 0.9 220
1647792508020 0.9 230
1647792509170 0.9 240
1647792510264 0.9 250
1647792511449 0.9 260
1647792512511 0.9 270
1647792514028 0.9 280
1647792515087 0.9 290
1647792516149 0.9 300
1647792517214 0.9 310
1647792518280 0.9 320
1647792519348 0.9 330
1647792520492 0.9 340
1647792521590 0.9 350
1647792522638 0.9 360
1647792523686 0.9 370
1647792524857 0.9 380
1647792526082 0.9 390
1647792527145 0.9 400
1647792528187 0.9 410
1647792529239 0.9 420
1647792530299 0.9 430
1647792531365 0.9 440
1647792532431 0.9 450
1647792533541 0.9 460
1647792534599 0.9 470
1647792535689 0.9 480
1647792536736 0.9 490
1647792537790 0.9 500
1647792538889 0.9 510
1647792539992 0.9 520
1647792541054 0.9 530
1647792542134 0.9 540
1647792543224 0.9 550
1647792544289 0.9 560
1647792545333 0.9 570
1647792546377 0.9 580
1647792547433 0.9 590
1647792548523 0.9 600
1647792549555 0.9 610
