1647772251629 3.796400000000011e-05 10
1647772252678 7.79240000000001e-05 20
1647772253726 0.0001178840000000001 30
1647772254769 0.00015784399999999987 40
1647772255823 0.00019780399999999988 50
1647772256872 0.0002377640000000001 60
1647772257921 0.0002777240000000001 70
1647772258969 0.0003176840000000001 80
1647772260025 0.00035764399999999984 90
1647772261082 0.00039760399999999986 100
1647772262145 0.0004375639999999998 110
1647772263194 0.00047752400000000006 120
1647772264245 0.000517484 130
1647772265296 0.000557444 140
1647772266353 0.0005974040000000001 150
1647772267573 0.0006373640000000001 160
1647772268735 0.0006773240000000003 170
1647772269892 0.000717284 180
1647772270972 0.000757244 190
1647772272046 0.000797204 200
1647772273163 0.0008371639999999998 210
1647772274215 0.0008771239999999999 220
1647772275273 0.000917084 230
1647772276329 0.000957044 240
1647772277389 0.0009970040000000001 250
1647772278440 0.001036964 260
1647772279498 0.001076924 270
1647772280553 0.0011168840000000003 280
1647772281609 0.001156844 290
1647772282659 0.001196804 300
1647772283710 0.001236764 310
1647772284760 0.001276724 320
1647772285818 0.001316684 330
1647772286865 0.0013566440000000002 340
1647772287913 0.001396604 350
1647772288953 0.001436564 360
1647772289999 0.001476524 370
1647772291050 0.001516484 380
1647772292101 0.001556444 390
1647772293149 0.0015964040000000003 400
1647772294202 0.001636364 410
1647772295250 0.0016763239999999999 420
1647772296298 0.001716284 430
1647772297348 0.001756244 440
1647772298394 0.0017962040000000002 450
1647772299440 0.0018361640000000002 460
1647772300487 0.0018761239999999998 470
1647772301534 0.001916084 480
1647772302581 0.001956044 490
1647772303628 0.001996004 500
1647772304677 0.002 510
1647772305721 0.002 520
1647772306771 0.002 530
1647772307816 0.002 540
1647772308866 0.002 550
1647772309920 0.002 560
1647772310969 0.002 570
1647772312017 0.002 580
1647772313082 0.002 590
1647772314342 0.002 600
1647772315637 0.002 610
1647772414510 0.002 612
1647772418010 0.002 621
1647772419047 0.002 631
1647772420079 0.002 641
1647772421119 0.002 651
1647772422158 0.002 661
1647772423197 0.002 671
1647772424242 0.002 681
1647772425279 0.002 691
1647772426320 0.002 701
1647772427357 0.002 711
1647772428402 0.002 721
1647772429442 0.002 731
1647772430482 0.002 741
1647772431524 0.002 751
1647772432563 0.002 761
1647772433603 0.002 771
1647772434650 0.002 781
1647772435686 0.002 791
1647772436743 0.002 801
1647772437797 0.002 811
1647772438840 0.002 821
1647772439891 0.002 831
1647772440931 0.002 841
1647772441985 0.002 851
1647772443028 0.002 861
1647772444068 0.002 871
1647772445108 0.002 881
1647772446156 0.002 891
1647772447206 0.002 901
1647772448246 0.002 911
1647772449288 0.002 921
1647772450330 0.002 931
1647772451369 0.002 941
1647772452416 0.002 951
1647772453461 0.002 961
1647772454504 0.002 971
1647772455555 0.002 981
1647772456596 0.002 991
1647772457643 0.002 1001
1647772458687 0.002 1011
1647772459729 0.002 1021
1647772460779 0.002 1031
1647772461820 0.002 1041
1647772462867 0.002 1051
1647772463907 0.002 1061
1647772464952 0.002 1071
1647772466003 0.002 1081
1647772467040 0.002 1091
1647772468090 0.002 1101
1647772469127 0.002 1111
1647772470172 0.002 1121
1647772471215 0.002 1131
1647772472262 0.002 1141
1647772473311 0.002 1151
1647772474358 0.002 1161
1647772475397 0.002 1171
1647772476438 0.002 1181
1647772477479 0.002 1191
1647772478529 0.002 1201
1647772479577 0.002 1211
1647772480605 0.002 1221
1647772581273 0.002 1223
