1647772251629 0.9 10
1647772252678 0.9 20
1647772253726 0.9 30
1647772254769 0.9 40
1647772255823 0.9 50
1647772256872 0.9 60
1647772257921 0.9 70
1647772258969 0.9 80
1647772260025 0.9 90
1647772261082 0.9 100
1647772262145 0.9 110
1647772263194 0.9 120
1647772264245 0.9 130
1647772265296 0.9 140
1647772266353 0.9 150
1647772267573 0.9 160
1647772268735 0.9 170
1647772269892 0.9 180
1647772270972 0.9 190
1647772272046 0.9 200
1647772273163 0.9 210
1647772274215 0.9 220
1647772275273 0.9 230
1647772276329 0.9 240
1647772277389 0.9 250
1647772278440 0.9 260
1647772279498 0.9 270
1647772280553 0.9 280
1647772281609 0.9 290
1647772282659 0.9 300
1647772283710 0.9 310
1647772284760 0.9 320
1647772285818 0.9 330
1647772286865 0.9 340
1647772287913 0.9 350
1647772288953 0.9 360
1647772289999 0.9 370
1647772291050 0.9 380
1647772292101 0.9 390
1647772293149 0.9 400
1647772294202 0.9 410
1647772295250 0.9 420
1647772296298 0.9 430
1647772297348 0.9 440
1647772298394 0.9 450
1647772299440 0.9 460
1647772300487 0.9 470
1647772301534 0.9 480
1647772302581 0.9 490
1647772303628 0.9 500
1647772304677 0.9 510
1647772305721 0.9 520
1647772306771 0.9 530
1647772307816 0.9 540
1647772308866 0.9 550
1647772309920 0.9 560
1647772310969 0.9 570
1647772312017 0.9 580
1647772313082 0.9 590
1647772314342 0.9 600
1647772315637 0.9 610
1647772414510 0.9 612
1647772418010 0.9 621
1647772419047 0.9 631
1647772420079 0.9 641
1647772421119 0.9 651
1647772422158 0.9 661
1647772423197 0.9 671
1647772424242 0.9 681
1647772425279 0.9 691
1647772426320 0.9 701
1647772427357 0.9 711
1647772428402 0.9 721
1647772429442 0.9 731
1647772430482 0.9 741
1647772431524 0.9 751
1647772432563 0.9 761
1647772433603 0.9 771
1647772434650 0.9 781
1647772435686 0.9 791
1647772436743 0.9 801
1647772437797 0.9 811
1647772438840 0.9 821
1647772439891 0.9 831
1647772440931 0.9 841
1647772441985 0.9 851
1647772443028 0.9 861
1647772444068 0.9 871
1647772445108 0.9 881
1647772446156 0.9 891
1647772447206 0.9 901
1647772448246 0.9 911
1647772449288 0.9 921
1647772450330 0.9 931
1647772451369 0.9 941
1647772452416 0.9 951
1647772453461 0.9 961
1647772454504 0.9 971
1647772455555 0.9 981
1647772456596 0.9 991
1647772457643 0.9 1001
1647772458687 0.9 1011
1647772459729 0.9 1021
1647772460779 0.9 1031
1647772461820 0.9 1041
1647772462867 0.9 1051
1647772463907 0.9 1061
1647772464952 0.9 1071
1647772466003 0.9 1081
1647772467040 0.9 1091
1647772468090 0.9 1101
1647772469127 0.9 1111
1647772470172 0.9 1121
1647772471215 0.9 1131
1647772472262 0.9 1141
1647772473311 0.9 1151
1647772474358 0.9 1161
1647772475397 0.9 1171
1647772476438 0.9 1181
1647772477479 0.9 1191
1647772478529 0.9 1201
1647772479577 0.9 1211
1647772480605 0.9 1221
1647772581273 0.9 1223
